
% Shooting problem 
function J = jacobianreturn(x,y,z,vx,vy,vz)
kpc2km = 30856775814671900;
myr = 1e6*365*86400;

k0 = 0.00287729;
k1 =  0.0023821 ;
k2 = -0.0010625 ;
k3 = 0.000198502 ;
k4 = -1.88428e-05 ;
k5 = 9.70521e-07 ;
k6 = -2.70559e-08; 
k7 = 3.7516e-10 ;
k8 = -1.94316e-12;

J = [                                                                                                                                                                                                                                                                                                                                                                                                                                                                                                                                                                                                                                                                                                                                                                                                                                                                                                                                                                                                                                                     0,                                                                                                                                                                                                                                                                                                                                                                                                                                                                                                                                                                                                                                                                                                                                                                                                                                                                                                                                                                                                                                                     0,                                                                                                                                                                                                                                                                                                                                                                                                                                                                                                                                                                                                                                                                                                                                                                                                                                                                                                                                                                                                                                                     0, 1, 0, 0;
                                                                                                                                                                                                                                                                                                                                                                                                                                                                                                                                                                                                                                                                                                                                                                                                                                                                                                                                                                                                                                                     0,                                                                                                                                                                                                                                                                                                                                                                                                                                                                                                                                                                                                                                                                                                                                                                                                                                                                                                                                                                                                                                                     0,                                                                                                                                                                                                                                                                                                                                                                                                                                                                                                                                                                                                                                                                                                                                                                                                                                                                                                                                                                                                                                                     0, 0, 1, 0;
